40 , 1111111111

131313 1313313113313331331313131 31331 133 131333 13 3113111133 ,133 131
3313111113 1313313133. 233131 twijfel, 131331113 13111333, 13 1795, 33·
33113113, 333 bij 131313 11333313 3313313133, 13 1611, 13 1672, 3313311
zijn, 131133 1333 13313 131 31331313313313 333311313313133131311313
333 333 313113333133 1311331 131133 33131 313131313333133 113311
33133333.

13131 1331133 33133 133311131333133 3133131333 1311133313313331
13 3313 partijschap. 1133 nieuw Β31331331(1331333313311131113331313
31331133133313 331331131, 133 1131331 3333 13311331133 31331333111133 waren
131131131. 1131113 1111313 1311333313 313113313311331333111311133 11133-
11331, 1131331 131131331333111, 311133133. 131333 33 331313313133 133
1313333331 33 1313311 131 11331313 juk 11311 1133 3133331111, 31331 333
1333113 33313311 op, 13133113 1133331313133111113133 33113333 1331 131
33333133, 13331 13 jammerlijke 33131333 31 133 33131133133 131, 33 1331331
31313113133113333113, 133 133311113313313311311311331131331333313133133
1331 3331 uit 13 11333133. Β311331133, 331131311313111333111133 3131 1331
131 13113331, 11311 13133 31331133 3133131313133313313133311111 13113333·
lijkt: 3113 1133133 1313313313 1313333111311333313113313333133, 1133133131
13 Ν313113313313 Stant 13133113. 113 31311113 33111133, 1133131313331
13333333 13 vermen, 1111311133 3131 131 13311 13 3113133 13 13133331
der, 11333 1331 allen 3311133113, 33111133 133 13311333.

133 1133 13111131 1133311131 333 3331313311111311331131133, 33313131
1333 vrij 3113 3311331 1133 3113313133, 333131 magtigepartijen 3333133113
33133. 113 333311313313 131 Μ111333331133 13113311313331313 toepasselijk·
1311 op 131 1333313311133, 33 13133113 3131 133331 1311133333 33 1313·
1311111 13 worden, 131131 zij voegde 13 333 3333333333 3131331. 11313331133
133 Κ33133111333111131 133 333313133 331 13 333311313313 13313131·
13313 3333113313 13 331333333 33131 1313111133 133 Η333310313111113.
13133331331,Ι 131 1133 131331 1131333 13 1333133133 113133331131331313
13333311333 ; want 3333 331313 133333 waren 31 31113 11311133,133 113
1331 11333113 1131331 3333 1313331133 1133 333 1133111313133311331,131
33331311133 333 13 13331133 3333313133, 313 13 333311313313 131 1133311311,
113 1331 1113311331 13 31331 1133 3333335 3333 311313113 13 133133131 1133

 

