REDEVOERING. 57

11111111 111. zij 111111111111113111111 1111111111 11111111111111. zi]
111111111 1111111 11 1111 111 3111111 311111, 11111111111111111111
1111 11111111. Μ111111111 111111111 111 111 111111 1111113 1111111111
111 11 11111111111111 111 111111111111111111, 111 11 111111113 111 111
311111113111 1111131131111111 1111111111,11 111 111 11111111 1111111-
1113 111 1113111 1111 tegenpertij 1111 1111111111 11111 11 111 11131
1111111111.

Mij 11111, 111 11 1111113111 11111111 voor 11111111111 113111111-
11111 1111111111 111, 111 111 11111111 11111111111111111131111113111
1111111311111 111111111, 1111 111 11111111 11111111 111 11 1111311111,
11311 111111. λ ¹,

111 1111111 Ν111111111111 31111111111111111 111111111 1111 3111111 on·
portijdigheid behendeld 11 worden? Zullen wij 111 1111 hear tevreden
houden 1111 111 1111 111111111131111, 111111111111111111111111111113

111 111111 11111111111 111111 111111111111, 11111111 1111311111111111 ,

111 311111 111 111111111113 11111111111111131111111 11111111111111-
111111 1131111111. Die 1111111111 1111111113311 wil, om 111111111111111
1111 11 11111111. Die 111111111111111111111111111131113111111131111111- ·
111111 11 31111311. Die 1111 111 11111111 1111111311111111111111111113
houdt, 111 11111 111111111113111111111111 1111131111, 1111111111111111
1111111111 111 1111131111. Ν111, 11 311111111111 111 111111111111111111,
te 11111111 om niet 11 1111311111111 1111111 11111111111111111. zij
1111111111 onze tijdgenooten in 1111131111111111, 11111111111111111
1111 113111 111111. De 311111111111 111111131 1111111 111111111111
1111 11111111 11111111 1111 111111111111111111111111111111 111 het 311·
111111 11111111. Geen overdreven 1111113111111111 11111111131311111111111
te kwetson 111311111111111111111113 1111 3111131131 1111111111 11113-
houden. De 11111 oupertijdigheid 11111 111 1111 11111111 1131 te doen,
1111111 1111 11 1111311. 0111 1111111113 111 111 1131111111 1111111111 111
1111111111 11111311, 11 het 31311111 1111111111, 1113111 Ν1111111111111
1111111111ιί1 reden 11111111 de weerheid der 311111111111 1111111111.

11111-(11111-Α11111111 Η11111, 0111111111 11111 Ηοο31111111, 311 1111131-

11111 111111 11131 111111111 moen 111111111311111111111111111 11 111
“ 8

 

